31792,36095,38707,38708,39177,39186,
39731,40010,40358,40360,40420,40555,
40699,41386,41394,41465,41579,42825,
42986,43032,43180,43181,43657,43783,
43876,43877,44421,44422,44423,44424,
44517,44797,44835,47546,48865,51511,
51954,52202,52713,53323,53370,54109,
54110,54381,55978,55979,
#
39194,40258,42330,42907,44457,44552,
44850,44909,45358,45608,46805,47230,
49127,49503,
#
26069,28352,33272,39491,40353,41099,
42798,43243,
#ajisai
16908,
#topex
22076,
#
06275,07411,09415,13552,13736,
13777,18123,21798,23455,26536,
